// Wireless Adapter Shure 
//
// This file describes the TV channel types and countries for each continent. Country
//

TV={North America,14,69;
470000,476000,482000,488000,494000,500000,506000,512000,518000,524000,
530000,536000,542000,548000,554000,560000,566000,572000,578000,584000,
590000,596000,602000,608000,614000,620000,626000,632000,638000,644000,
650000,656000,662000,668000,674000,680000,686000,692000,698000,704000,
710000,716000,722000,728000,734000,740000,746000,752000,758000,764000,
770000,776000,782000,788000,794000,800000}
mod={Analog;000000 006000,320,1}
mod={Digital;000000 006000,320,1}

country=United States

country=Countries with 6MHz TV-Ch



country= United States
user={Ch. 38,
606500:613500}

user={823-832,
823000:832000}

user={863-865,
863000:865000}

user={1785-1805,
1785000:1805000}



country=United States
user={A,
470750,471250,471500,471750,472500,473250,473750,474500,475250,
475500,475750,476250,478750,479250,479500,479750,480500,481250,
481750,482500,483250,483500,483750,484250,486750,487250,487500,
487750,488500,489250,489750,490500,491250,491500,491750,492250,
494750,495250,495500,495750,496500,497250,497750,498500,499250,
499500,499750,500250,502750,503250,503500,503750,504500,505250,
505750,506500,507250,507500,507750,508250,510750,511250,511500,
511750,512500,513250,513750,514500,515250,515500,515750,516250,
518750,519250,519500,519750,520500,521250,521750,522500,523250,
523500,523750,524250,526750,527250,527500,527750,528500,529250,
529750,530500,531250,531500,531750,532250,534750,535250,535500,
535750,536500,537250,537750,538500,539250,539500,539750,540250,
542750,543250,543500,543750,544500,545250,545750,546500,547250,
547500,547750,548250,550750,551250,551500,551750,552500,553250,
553750,554500,555250,555500,555750,556250,558750,559250,559500,
559750,560500,561250,561750,562500,563250,563500,563750,564250,
566750,567250,567500,567750,568500,569250,569750,570500,571250,
571500,571750,572250,574750,575250,575500,575750,576500,577250,
577750,578500,579250,579500,579750,580250,582750,583250,583500,
583750,584500,585250,585750,586500,587250,587500,587750,588250,
590750,591250,591500,591750,592500,593250,593750,594500,595250,
595500,595750,596250,598750,599250,599500,599750,600500,601250,
601750,602500,603250,603500,603750,604250,606750,607250,607500,
607750,608500,609250,609750,610500,611250,611500,611750,612250,
614750,615250,615500,615750,616500,617250,617750,618500,619250,
619500,619750,620250,622750,623250,623500,623750,624500,625250,
625750,626500,627250,627500,627750,628250,630750,631250,631500,
631750,632500,633250,633750,634500,635250,635500,635750,636250,
638750,639250,639500,639750,640500,641250,641750,642500,643250,
643500,643750,644250,646750,647250,647500,647750,648500,649250,
649750,650500,651250,651500,651750,652250,654750,655250,655500,
655750,656500,657250,657750,658500,659250,659500,659750,660250,
662750,663250,663500,663750,664500,665250,665750,666500,667250,
667500,667750,668250,670750,671250,671500,671750,672500,673250,
673750,674500,675250,675500,675750,676250,678750,679250,679500,
679750,680500,681250,681750,682500,683250,683500,683750,684250,
686750,687250,687500,687750,688500,689250,689750,690500,691250,
691500,691750,692250,694750,695250,695500,695750,696500,697250,
697750,698500,699250,699500,699750,700250,702750,703250,703500,
703750,704500,705250,705750,706500,707250,707500,707750,708250,
710750,711250,711500,711750,712500,713250,713750,714500,715250,
715500,715750,716250,718750,719250,719500,719750,720500,721250,
721750,722500,723250,723500,723750,724250,726750,727250,727500,
727750,728500,729250,729750,730500,731250,731500,731750,732250,
734750,735250,735500,735750,736500,737250,737750,738500,739250,
739500,739750,740250,742750,743250,743500,743750,744500,745250,
745750,746500,747250,747500,747750,748250,750750,751250,751500,
751750,752500,753250,753750,754500,755250,755500,755750,756250,
758750,759250,759500,759750,760500,761250,761750,762500,763250,
763500,763750,764250,766750,767250,767500,767750,768500,769250,
769750,770500,771250,771500,771750,772250,774750,775250,775500,
775750,776500,777250,777750,778500,779250,779500,779750,780250,
782750,783250,783500,783750,784500,785250,785750,786500,787250,
787500,787750,788250,790750,791250,791500,791750,792500,793250,
793750,794500,795250,795500,795750,796250,798750,799250,799500,
799750,800500,801250,801750,802500,803250,803500,803750,804250,
806750,807250,807500,807750,808500,809250,809750,810500,811250,
811500,811750,812250,814750,815250,815500,815750,816500,817250,
817750,818500,819250,819500,819750,820250,822750,823250,823500,
823750,824500,825250,825750,826500,827250,827500,827750,828250}
user={B,
470100,470500,472025,472775,473500,474225,474975,476500,476900,
477300,477700,478100,478500,480025,480775,481500,482225,482975,
484500,484900,485300,485700,486100,486500,488025,488775,489500,
490225,490975,492500,492900,493300,493700,494100,494500,496025,
496775,497500,498225,498975,500500,500900,501300,501700,502100,
502500,504025,504775,505500,506225,506975,508500,508900,509300,
509700,510100,510500,512025,512775,513500,514225,514975,516500,
516900,517300,517700,518100,518500,520025,520775,521500,522225,
522975,524500,524900,525300,525700,526100,526500,528025,528775,
529500,530225,530975,532500,532900,533300,533700,534100,534500,
536025,536775,537500,538225,538975,540500,540900,541300,541700,
542100,542500,544025,544775,545500,546225,546975,548500,548900,
549300,549700,550100,550500,552025,552775,553500,554225,554975,
556500,556900,557300,557700,558100,558500,560025,560775,561500,
562225,562975,564500,564900,565300,565700,566100,566500,568025,
568775,569500,570225,570975,572500,572900,573300,573700,574100,
574500,576025,576775,577500,578225,578975,580500,580900,581300,
581700,582100,582500,584025,584775,585500,586225,586975,588500,
588900,589300,589700,590100,590500,592025,592775,593500,594225,
594975,596500,596900,597300,597700,598100,598500,600025,600775,
601500,602225,602975,604500,604900,605300,605700,606100,606500,
608025,608775,609500,610225,610975,612500,612900,613300,613700,
614100,614500,616025,616775,617500,618225,618975,620500,620900,
621300,621700,622100,622500,624025,624775,625500,626225,626975,
628500,628900,629300,629700,630100,630500,632025,632775,633500,
634225,634975,636500,636900,637300,637700,638100,638500,640025,
640775,641500,642225,642975,644500,644900,645300,645700,646100,
646500,648025,648775,649500,650225,650975,652500,652900,653300,
653700,654100,654500,656025,656775,657500,658225,658975,660500,
660900,661300,661700,662100,662500,664025,664775,665500,666225,
666975,668500,668900,669300,669700,670100,670500,672025,672775,
673500,674225,674975,676500,676900,677300,677700,678100,678500,
680025,680775,681500,682225,682975,684500,684900,685300,685700,
686100,686500,688025,688775,689500,690225,690975,692500,692900,
693300,693700,694100,694500,696025,696775,697500,698225,698975,
700500,700900,701300,701700,702100,702500,704025,704775,705500,
706225,706975,708500,708900,709300,709700,710100,710500,712025,
712775,713500,714225,714975,716500,716900,717300,717700,718100,
718500,720025,720775,721500,722225,722975,724500,724900,725300,
725700,726100,726500,728025,728775,729500,730225,730975,732500,
732900,733300,733700,734100,734500,736025,736775,737500,738225,
738975,740500,740900,741300,741700,742100,742500,744025,744775,
745500,746225,746975,748500,748900,749300,749700,750100,750500,
752025,752775,753500,754225,754975,756500,756900,757300,757700,
758100,758500,760025,760775,761500,762225,762975,764500,764900,
765300,765700,766100,766500,768025,768775,769500,770225,770975,
772500,772900,773300,773700,774100,774500,776025,776775,777500,
778225,778975,780500,780900,781300,781700,782100,782500,784025,
784775,785500,786225,786975,788500,788900,789300,789700,790100,
790500,792025,792775,793500,794225,794975,796500,796900,797300,
797700,798100,798500,800025,800775,801500,802225,802975,804500,
804900,805300,805700,806100,806500,808025,808775,809500,810225,
810975,812500,812900,813300,813700,814100,814500,816025,816775,
817500,818225,818975,820500,820900,821300,821700,822100,822500,
824025,824775,825500,826225,826975,828500,828900,829300,829700}
user={C,
470300,471000,472225,472975,474025,474775,476000,476700,477100,
477500,477900,478300,479000,480225,480975,482025,482775,484000,
484700,485100,485500,485900,486300,487000,488225,488975,490025,
490775,492000,492700,493100,493500,493900,494300,495000,496225,
496975,498025,498775,500000,500700,501100,501500,501900,502300,
503000,504225,504975,506025,506775,508000,508700,509100,509500,
509900,510300,511000,512225,512975,514025,514775,516000,516700,
517100,517500,517900,518300,519000,520225,520975,522025,522775,
524000,524700,525100,525500,525900,526300,527000,528225,528975,
530025,530775,532000,532700,533100,533500,533900,534300,535000,
536225,536975,538025,538775,540000,540700,541100,541500,541900,
542300,543000,544225,544975,546025,546775,548000,548700,549100,
549500,549900,550300,551000,552225,552975,554025,554775,556000,
556700,557100,557500,557900,558300,559000,560225,560975,562025,
562775,564000,564700,565100,565500,565900,566300,567000,568225,
568975,570025,570775,572000,572700,573100,573500,573900,574300,
575000,576225,576975,578025,578775,580000,580700,581100,581500,
581900,582300,583000,584225,584975,586025,586775,588000,588700,
589100,589500,589900,590300,591000,592225,592975,594025,594775,
596000,596700,597100,597500,597900,598300,599000,600225,600975,
602025,602775,604000,604700,605100,605500,605900,606300,607000,
608225,608975,610025,610775,612000,612700,613100,613500,613900,
614300,615000,616225,616975,618025,618775,620000,620700,621100,
621500,621900,622300,623000,624225,624975,626025,626775,628000,
628700,629100,629500,629900,630300,631000,632225,632975,634025,
634775,636000,636700,637100,637500,637900,638300,639000,640225,
640975,642025,642775,644000,644700,645100,645500,645900,646300,
647000,648225,648975,650025,650775,652000,652700,653100,653500,
653900,654300,655000,656225,656975,658025,658775,660000,660700,
661100,661500,661900,662300,663000,664225,664975,666025,666775,
668000,668700,669100,669500,669900,670300,671000,672225,672975,
674025,674775,676000,676700,677100,677500,677900,678300,679000,
680225,680975,682025,682775,684000,684700,685100,685500,685900,
686300,687000,688225,688975,690025,690775,692000,692700,693100,
693500,693900,694300,695000,696225,696975,698025,698775,700000,
700700,701100,701500,701900,702300,703000,704225,704975,706025,
706775,708000,708700,709100,709500,709900,710300,711000,712225,
712975,714025,714775,716000,716700,717100,717500,717900,718300,
719000,720225,720975,722025,722775,724000,724700,725100,725500,
725900,726300,727000,728225,728975,730025,730775,732000,732700,
733100,733500,733900,734300,735000,736225,736975,738025,738775,
740000,740700,741100,741500,741900,742300,743000,744225,744975,
746025,746775,748000,748700,749100,749500,749900,750300,751000,
752225,752975,754025,754775,756000,756700,757100,757500,757900,
758300,759000,760225,760975,762025,762775,764000,764700,765100,
765500,765900,766300,767000,768225,768975,770025,770775,772000,
772700,773100,773500,773900,774300,775000,776225,776975,778025,
778775,780000,780700,781100,781500,781900,782300,783000,784225,
784975,786025,786775,788000,788700,789100,789500,789900,790300,
791000,792225,792975,794025,794775,796000,796700,797100,797500,
797900,798300,799000,800225,800975,802025,802775,804000,804700,
805100,805500,805900,806300,807000,808225,808975,810025,810775,
812000,812700,813100,813500,813900,814300,815000,816225,816975,
818025,818775,820000,820700,821100,821500,821900,822300,823000,
824225,824975,826025,826775,828000,828700,829100,829500,829900}


TV={Australia,28,69;
526000,533000,540000,547000,554000,561000,568000,575000,582000,589000,
596000,603000,610000,617000,624000,631000,638000,645000,652000,659000,
666000,673000,680000,687000,694000,701000,708000,715000,722000,729000,
736000,743000,750000,757000,764000,771000,778000,785000,792000,799000,
806000,813000}
mod={Analog;000000 007000,320,1}
mod={Digital;000000 007000,320,1}
country=Australia
user={Australia Indoors,
520150:694000,
915150:928000
1786000:1800000}
user={Australia Outdoors,
520000:694000,
915150:928000
1790000:1800000}


country=Countries with 7MHz TV-Ch

end.
